t,x_ref,y_ref,y_bot_x,y_bot_y,xf,yf,theta
0.1500000,1.5915494,0.0000000,1.5915494,0.0000000,0.6584050,0.0000000,0.0000000
0.3000000,1.5789996,0.1994740,1.5896670,0.0299211,1.0133407,0.0552659,0.1510082
0.4000000,1.5532198,0.3471858,1.5795529,0.0299211,1.1650910,0.1171567,0.2720354
0.5500000,1.5136535,0.4918158,1.5696679,0.0992053,1.3069686,0.2268364,0.4709732
0.6500000,1.4606519,0.6320805,1.5696679,0.2470782,1.3634230,0.2998536,0.5932720
0.8000000,1.3946854,0.7667348,1.5211103,0.2470782,1.3988772,0.4263269,0.8446198
0.9000000,1.3946854,0.7667348,1.5211103,0.2470782,1.3960622,0.5186047,1.0436557
1.0500000,1.3163396,0.8945835,1.4903947,0.3442040,1.3726092,0.6470746,1.2993733
1.1500000,1.2263099,1.0144918,1.4507820,0.4447471,1.3430998,0.7317602,1.4616550
1.3000000,1.1253954,1.1253954,1.4019740,0.5468444,1.2828984,0.8553365,1.6786982
1.4000000,1.0144918,1.2263099,1.3438517,0.6487642,1.2393179,0.9294476,1.7887871
1.5500000,0.8945835,1.3163396,1.2764614,0.7489005,1.1529213,1.0427854,1.9605003
1.6500000,0.8945835,1.3163396,1.2764614,0.7489005,1.0816174,1.1178670,2.0751968
1.8000000,0.7667348,1.3946854,1.2000024,0.8457683,0.9744198,1.2154860,2.2105106
1.9000000,0.6320805,1.4606519,1.1148141,0.9380008,0.8969380,1.2746772,2.2945964
2.0500000,0.4918158,1.5136535,1.0213644,1.0243487,0.7741392,1.3539457,2.4096332
2.1500000,0.3471858,1.5532198,0.9202376,1.1036794,0.6959837,1.3981024,2.4695524
2.3000000,0.1994740,1.5789996,0.8121231,1.1749774,0.5617728,1.4576800,2.5742372
2.4000000,0.1994740,1.5789996,0.8121231,1.1749774,0.4616001,1.4911287,2.6523741
2.5500000,0.0499918,1.5907641,0.6978034,1.2373454,0.3193877,1.5281031,2.7514488
2.6500000,-0.0999342,1.5884089,0.5781427,1.2900049,0.2224773,1.5450125,2.8180882
2.8000000,-0.2489732,1.5719548,0.4540753,1.3322974,0.0761466,1.5591679,2.9145902
2.9000000,-0.3958022,1.5415480,0.3265937,1.3636850,-0.0138902,1.5626778,2.9666121
3.0500000,-0.5391181,1.4974583,0.0863587,1.3636850,-0.1608725,1.5544708,3.0619345
3.1500000,-0.5391181,1.4974583,0.0863587,1.3636850,-0.2654601,1.5386306,3.1354269
3.3000000,-0.6776488,1.4400770,-0.0282425,1.3751438,-0.4090767,1.5068363,3.2301541
3.4000000,-0.8101646,1.3699135,-0.1455308,1.3743592,-0.5031461,1.4778265,3.2948047
3.5500000,-0.9354893,1.2875905,-0.3647443,1.3743592,-0.6399893,1.4239247,3.3892710
3.6500000,-1.0525105,1.1938388,-0.4679092,1.3472812,-0.7218152,1.3861401,3.4404495
3.8000000,-1.1601896,1.0894906,-0.5717513,1.3086126,-0.8490600,1.3120625,3.5347998
3.9000000,-1.1601896,1.0894906,-0.5717513,1.3086126,-0.9350597,1.2504507,3.6078214
4.0500000,-1.2575708,0.9754719,-0.6746242,1.2586415,-1.0485885,1.1569054,3.7021146
4.1500000,-1.3437896,0.8527948,-0.7749990,1.1977645,-1.1192339,1.0883441,3.7665695
4.3000000,-1.4180809,0.7225483,-0.8714613,1.1264821,-1.2166894,0.9781852,3.8608379
4.4000000,-1.4797852,0.5858884,-1.0402712,1.1264821,-1.2724416,0.9073681,3.9119352
4.5500000,-1.5283549,0.4440281,-1.1134837,1.0241140,-1.3521856,0.7835940,4.0061926
4.6500000,-1.5283549,0.4440281,-1.1134837,1.0241140,-1.4008401,0.6896533,4.0791695
4.8000000,-1.5633587,0.2982266,-1.1809650,0.9152309,-1.4595253,0.5547619,4.1734216
4.9000000,-1.5844861,0.1497780,-1.2414931,0.8004129,-1.4913442,0.4616006,4.2378581
5.0500000,-1.5915494,0.0000000,-1.2940016,0.6803510,-1.5281661,0.3192041,4.3321079
5.1500000,-1.5844861,-0.1497780,-1.3375743,0.5558316,-1.5456911,0.2307945,4.3831975
5.3000000,-1.5633587,-0.2982266,-1.3714419,0.4277229,-1.5605510,0.0843079,4.4774462
5.4000000,-1.5633587,-0.2982266,-1.3714419,0.4277229,-1.5612540,-0.0214826,4.5504189
5.5500000,-1.5283549,-0.4440281,-1.3949789,0.2969602,-1.5523035,-0.1683142,4.6446671
5.6500000,-1.4797852,-0.5858884,-1.4076998,0.1645329,-1.5383598,-0.2657670,4.7091019
5.8000000,-1.4180809,-0.7225483,-1.4105806,0.1645329,-1.5065217,-0.4093600,4.8033498
5.9000000,-1.3437896,-0.8527948,-1.4005619,0.0119338,-1.4819994,-0.4960897,4.8544387
6.0500000,-1.2575708,-0.9754719,-1.3791133,-0.1361771,-1.4287361,-0.6333565,4.9486866
6.1500000,-1.2575708,-0.9754719,-1.3791133,-0.1361771,-1.3813347,-0.7279357,5.0216588
6.3000000,-1.1601896,-1.0894906,-1.3462747,-0.2791741,-1.3066995,-0.8547001,5.1159066
6.4000000,-1.0525105,-1.1938388,-1.3022101,-0.4163738,-1.2500330,-0.9352009,5.1803412
6.5500000,-0.9354893,-1.2875905,-1.2472020,-0.5470563,-1.1564751,-1.0486890,5.2745890
6.6500000,-0.8101646,-1.3699135,-1.2472020,-0.7753992,-1.0952512,-1.1148328,5.3256778
6.8000000,-0.6776488,-1.4400770,-1.1617690,-0.8751008,-0.9854754,-1.2129574,5.4199256
6.9000000,-0.6776488,-1.4400770,-1.1617690,-0.8751008,-0.9003023,-1.2757083,5.4928978
7.0500000,-0.5391181,-1.4974583,-1.0683714,-0.9684545,-0.7762520,-1.3547725,5.5871456
7.1500000,-0.3958022,-1.5415480,-0.9674860,-1.0544185,-0.6892152,-1.4007732,5.6515802
7.3000000,-0.2489732,-1.5719548,-0.7680987,-1.0544185,-0.5543320,-1.4594174,5.7458280
7.4000000,-0.0999342,-1.5884089,-0.6678740,-1.1345170,-0.4697524,-1.4905569,5.7969167
7.5500000,0.0499918,-1.5907641,-0.5601941,-1.2029541,-0.3273939,-1.5281494,5.8911645
7.6500000,0.0499918,-1.5907641,-0.5601941,-1.2029541,-0.2230158,-1.5453931,5.9641367
7.8000000,0.1994740,-1.5789996,-0.4462439,-1.2593609,-0.0765917,-1.5595222,6.0583845
7.9000000,0.3471858,-1.5532198,-0.3272295,-1.3034398,0.0218425,-1.5609952,6.1228191
8.0500000,0.4918158,-1.5136535,-0.2043727,-1.3349718,0.1686482,-1.5520119,6.2170669
8.1500000,0.6320805,-1.4606519,-0.0789047,-1.3538238,0.2581462,-1.5413591,6.2681556
8.3000000,0.7667348,-1.3946854,0.0479412,-1.3599531,0.4020552,-1.5102248,6.3624034
8.4000000,0.7667348,-1.3946854,0.0479412,-1.3599531,0.5028852,-1.4782024,6.4353756
8.5500000,0.8945835,-1.3163396,0.1749376,-1.3534110,0.6397645,-1.4243164,6.5296234
8.6500000,1.0144918,-1.2263099,0.4079139,-1.3534110,0.7281388,-1.3809406,6.5940580
8.8000000,1.1253954,-1.1253954,0.5155361,-1.3192087,0.8548653,-1.3062881,6.6883058
8.9000000,1.2263099,-1.0144918,0.6221522,-1.2735012,0.9297723,-1.2561651,6.7393945
9.0500000,1.3163396,-0.8945835,0.7262803,-1.2166635,1.0438616,-1.1630909,6.8336423
9.1500000,1.3163396,-0.8945835,0.7262803,-1.2166635,1.1191639,-1.0887829,6.9066145
9.3000000,1.3946854,-0.7667348,0.8265410,-1.1491742,1.2166605,-0.9786282,7.0008623
9.4000000,1.4606519,-0.6320805,0.9216577,-1.0716101,1.2757104,-0.8998590,7.0652969
9.5500000,1.5136535,-0.4918158,1.0104570,-0.9846410,1.3547329,-0.7758104,7.1595447
9.6500000,1.5532198,-0.3471858,1.0918714,-0.8890227,1.3987202,-0.6971435,7.2106334
9.8000000,1.5789996,-0.1994740,1.1649407,-0.7855904,1.4581197,-0.5624183,7.3048812
9.9000000,1.5789996,-0.1994740,1.1649407,-0.7855904,1.4914794,-0.4620229,7.3778534
10.0500000,1.5907641,-0.0499918,1.2288142,-0.6752506,1.5283403,-0.3196118,7.4721012
10.1500000,1.5884089,-0.0999342,1.2827534,-0.5889532,1.5452852,-0.2523461,7.5012750
10.3000000,1.5719548,-0.2489732,1.3630068,-0.5889532,1.5594459,-0.2159220,7.4986828
10.4000000,1.5415480,-0.3958022,1.3897880,-0.5599805,1.5629056,-0.2251238,7.4770688
10.5500000,1.4974583,-0.5391181,1.4059385,-0.5568512,1.5546059,-0.2911208,7.4178288
10.6500000,1.4974583,-0.5391181,1.4059385,-0.5568512,1.5386653,-0.3601063,7.3660387
10.8000000,1.4400770,-0.6776488,1.4110593,-0.5749708,1.5066799,-0.4679001,7.2812354
10.9000000,1.3699135,-0.8101646,1.4110593,-0.6402371,1.4775047,-0.5462276,7.2166966
11.0500000,1.2875905,-0.9354893,1.3925390,-0.6845249,1.4232919,-0.6672917,7.1055676
11.1500000,1.1938388,-1.0525105,1.3627339,-0.7397227,1.3853070,-0.7420453,7.0236694
11.3000000,1.0894906,-1.1601896,1.3217474,-0.8027928,1.3106863,-0.8624302,6.8752232
11.4000000,1.0894906,-1.1601896,1.3217474,-0.8027928,1.2483976,-0.9455998,6.7517827
11.5500000,0.9754719,-1.2575708,1.2698061,-0.8710095,1.1534801,-1.0561661,6.5349344
11.6500000,0.8527948,-1.3437896,1.2072544,-0.9419265,1.0834117,-1.1253753,6.3569285
11.8000000,0.7225483,-1.4180809,1.1345485,-1.0133497,0.9700172,-1.2203359,6.0280514
11.9000000,0.5858884,-1.4797852,1.0522495,-1.0833150,0.8975063,-1.2737685,5.7840613
12.0500000,0.4440281,-1.5283549,0.9610163,-1.1500710,0.7708606,-1.3478390,5.3363473
12.1500000,0.4440281,-1.5283549,0.9610163,-1.1500710,0.6764229,-1.3907617,4.9929704
12.3000000,0.2982266,-1.5633587,0.8615978,-1.2120641,0.5457223,-1.4445477,4.5380329
12.4000000,0.1497780,-1.5844861,0.7548249,-1.2679274,0.4562982,-1.4757448,4.2716307
12.5500000,-0.0000000,-1.5915494,0.6416011,-1.3164707,0.3181685,-1.5149416,3.9472462
12.6500000,-0.1497780,-1.5844861,0.5228943,-1.3566730,0.2310610,-1.5351073,3.7946964
12.8000000,-0.2982266,-1.5633587,0.3997261,-1.3876759,0.0857397,-1.5531185,3.5820645
12.9000000,-0.2982266,-1.5633587,0.3997261,-1.3876759,-0.0197053,-1.5555064,3.4509500
13.0500000,-0.4440281,-1.5283549,0.2731630,-1.4087777,-0.1666678,-1.5485859,3.3024951
13.1500000,-0.5858884,-1.4797852,0.1443053,-1.4194289,-0.2643019,-1.5356135,3.2134505
13.3000000,-0.7225483,-1.4180809,-0.0962466,-1.4194289,-0.4082217,-1.5048081,3.0941047
13.4000000,-0.8527948,-1.3437896,-0.2097288,-1.4080830,-0.4951858,-1.4807601,3.0326424
13.5500000,-0.9754719,-1.2575708,-0.3245903,-1.3855061,-0.6326969,-1.4279800,2.9263578
13.6500000,-0.9754719,-1.2575708,-0.3245903,-1.3855061,-0.7273969,-1.3807968,2.8474882
13.8000000,-1.0894906,-1.1601896,-0.4393253,-1.3517087,-0.8543228,-1.3063800,2.7477562
13.9000000,-1.1938388,-1.0525105,-0.4393253,-1.2686812,-0.9349047,-1.2498098,2.6808112
14.0500000,-1.2875905,-0.9354893,-0.5665651,-1.2187024,-1.0484866,-1.1563466,2.5839822
14.1500000,-1.3699135,-0.8101646,-0.6870674,-1.1574217,-1.1146797,-1.0951619,2.5318193
14.3000000,-1.4400770,-0.6776488,-0.8000188,-1.0854558,-1.2128544,-0.9854258,2.4363104
14.4000000,-1.4400770,-0.6776488,-0.8000188,-1.0854558,-1.2756287,-0.9002703,2.3627143
14.5500000,-1.4974583,-0.5391181,-0.9046347,-1.0035051,-1.3547199,-0.7762355,2.2678830
14.6500000,-1.5415480,-0.3958022,-1.0001717,-0.9123497,-1.4007333,-0.6892051,2.2031795
14.8000000,-1.5719548,-0.2489732,-1.0859392,-0.8128432,-1.4593914,-0.5543277,2.1086536
14.9000000,-1.5884089,-0.0999342,-1.0859392,-0.6150110,-1.4905377,-0.4697500,2.0574487
15.0500000,-1.5907641,0.0499918,-1.1616629,-0.5152606,-1.5281370,-0.3273933,1.9630638
15.1500000,-1.5907641,0.0499918,-1.1616629,-0.5152606,-1.5453838,-0.2230160,1.8900235
15.3000000,-1.5789996,0.1994740,-1.2774738,-0.5152606,-1.5595163,-0.0765924,1.7957120
15.4000000,-1.5532198,0.3471858,-1.3188357,-0.3858936,-1.5609909,0.0218418,1.7312479
15.5500000,-1.5136535,0.4918158,-1.3480584,-0.2542372,-1.5520092,0.1686475,1.6369696
15.6500000,-1.4606519,0.6320805,-1.3649474,-0.1212895,-1.5413571,0.2581456,1.5858681
15.8000000,-1.3946854,0.7667348,-1.3694081,0.0119141,-1.5102235,0.4020548,1.4916053
15.9000000,-1.3946854,0.7667348,-1.3694081,0.0119141,-1.4782015,0.5028848,1.4186256
16.0500000,-1.3163396,0.8945835,-1.3546816,0.0119141,-1.4243158,0.6397642,1.3243708
16.1500000,-1.2263099,1.0144918,-1.3354258,0.1623008,-1.3809402,0.7281386,1.2599330
16.3000000,-1.1253954,1.1253954,-1.3039213,0.3067650,-1.3062878,0.8548651,1.1656819
16.4000000,-1.0144918,1.2263099,-1.2605069,0.4446967,-1.2561649,0.9297722,1.1145917
16.5500000,-0.8945835,1.3163396,-1.2056184,0.5754431,-1.1630908,1.0438614,1.0203423
16.6500000,-0.8945835,1.3163396,-1.2056184,0.5754431,-1.0887828,1.1191638,0.9473692
16.8000000,-0.7667348,1.3946854,-1.2056184,0.8027829,-0.9786281,1.2166604,0.8531207
16.9000000,-0.6320805,1.4606519,-1.2056184,0.9853415,-0.8998590,1.2757103,0.7886858
17.0500000,-0.4918158,1.5136535,-1.0985480,1.0645883,-0.7758104,1.3547329,0.6944376
17.1500000,-0.3471858,1.5532198,-0.9858436,1.1378830,-0.6971435,1.3987202,0.6433487
17.3000000,-0.1994740,1.5789996,-0.8678882,1.2040505,-0.5624183,1.4581196,0.5491007
17.4000000,-0.1994740,1.5789996,-0.8678882,1.2040505,-0.4620229,1.4914794,0.4761284
17.5500000,-0.0499918,1.5907641,-0.7452037,1.2620575,-0.3196118,1.5283403,0.3818806
17.6500000,0.0999342,1.5884089,-0.7452037,1.3526200,-0.2226199,1.5451937,0.3174460
17.8000000,0.2489732,1.5719548,-0.5960772,1.3855203,-0.0762163,1.5592865,0.2231981
17.9000000,0.3958022,1.5415480,-0.4472953,1.4089244,0.0138463,1.5627654,0.1721094
18.0500000,0.5391181,1.4974583,-0.2993333,1.4222045,0.1608541,1.5545267,0.0778616
18.1500000,0.5391181,1.4974583,-0.2993333,1.4222045,0.2654521,1.5386718,0.0048893
18.3000000,0.6776488,1.4400770,-0.1527860,1.4248854,0.4090758,1.5068619,-0.0893585
18.4000000,0.8101646,1.3699135,-0.0083434,1.4166396,0.5031475,1.4778450,-0.1537930
18.5500000,0.9354893,1.2875905,0.1332315,1.3972822,0.6399920,1.4239359,-0.2480408
18.6500000,1.0525105,1.1938388,0.2711234,1.3667657,0.7218178,1.3861480,-0.2991296
18.8000000,1.1601896,1.0894906,0.2711234,1.2898219,0.8490624,1.3120672,-0.3933774
18.9000000,1.1601896,1.0894906,0.2711234,1.2898219,0.9350619,1.2504539,-0.4663496
19.0500000,1.2575708,0.9754719,0.2711234,1.2025897,1.0485902,1.1569073,-0.5605974
19.1500000,1.3437896,0.8527948,0.2711234,1.1055217,1.1192353,1.0883453,-0.6250319
19.3000000,1.4180809,0.7225483,0.4431670,1.0480757,1.2166904,0.9781859,-0.7192797
19.4000000,1.4797852,0.5858884,0.7308286,1.0480757,1.2724424,0.9073685,-0.7703685
19.5500000,1.5283549,0.4440281,0.8504575,0.9574685,1.3521862,0.7835942,-0.8646163
19.6500000,1.5283549,0.4440281,0.8504575,0.9574685,1.4008405,0.6896534,-0.9375885
19.8000000,1.5633587,0.2982266,0.9573927,0.8585822,1.4595256,0.5547619,-1.0318363
19.9000000,1.5844861,0.1497780,1.0514567,0.7522616,1.4913444,0.4616006,-1.0962708
